0.4415670650730412
0.525765306122449
0.5162228344046526
0.5018159806295399
0.4915678524374177
0.4541803577948156
0.38361879666227494
0.5467782426778243
0.4821922544951591
0.5708206686930092
0.4481321147987815
0.5489938757655294
0.4731474103585658
0.45505226480836236
0.5841471354166666
0.5621538461538461
0.5100062539086929
0.5628851540616246
0.5029882398303451
0.5811790668348045
0.9151678715204337
0.4076482830385016
0.5108269394714408
0.4186835891381346
0.5577198195223946
0.5167857916395928
0.44978723404255316
0.4641025641025642
0.47326649958228906
0.4294573643410853
0.4746376811594203
0.6552458370754676
0.5281259696311523
