0 0 0 0 -0.0333079 
0 -0.00129893 0 0 -0.0497326 
0 -0.0017319 0 0 -0.0669116 
0 -0.00194839 0 0 -0.0843462 
0 -0.00207828 0 0 -0.101941 
0 -0.00242721 0 0 -0.119516 
0 -0.00267645 0 0 -0.137054 
0 -0.00286338 0 0 -0.154472 
0 -0.00300876 0 0 -0.171716 
0 -0.00312507 0 0 -0.18883 
0 -0.00322024 0 0 -0.205841 
0 -0.00333939 0 0 -0.222728 
0 -0.00364004 0 0 -0.239573 
0 -0.00389775 0 0 -0.256441 
0 -0.00443493 0 0 -0.273431 
0 -0.00492381 0 0 -0.290607 
0 -0.00535518 0 0 -0.307928 
0 -0.00573863 0 0 -0.325344 
0 -0.0060817 0 0 -0.342801 
0 -0.00639047 0 0 -0.360262 
0 -0.00666984 0 0 -0.377711 
0 -0.0069238 0 0 -0.395163 
0 -0.00741454 0 0 -0.412509 
0 -0.00786439 0 0 -0.429788 
0 -0.00830165 0 0 -0.447006 
0 -0.00870528 0 0 -0.464166 
0 -0.0091095 0 0 -0.481281 
0 -0.00948485 0 0 -0.498317 
0 -0.00983431 0 0 -0.515287 
0 -0.0101605 0 0 -0.53215 
0 -0.0104769 0 0 -0.548903 
0 -0.0107736 0 0 -0.565566 
0 -0.0110645 0 0 -0.582121 
0 -0.0114357 0 0 -0.598571 
0 -0.0118429 0 0 -0.614893 
0 -0.0122275 0 0 -0.631076 
0 -0.0125914 0 0 -0.647106 
0 -0.012936 0 0 -0.662985 
0 -0.013263 0 0 -0.678731 
0 -0.0135964 0 0 -0.694344 
0 -0.0139134 0 0 -0.709827 
0 -0.0142154 0 0 -0.725179 
0 -0.0146167 0 0 -0.740412 
0 -0.0149997 0 0 -0.755551 
0 -0.0154622 0 0 -0.770555 
0 -0.0159768 0 0 -0.785421 
0 -0.0164695 0 0 -0.800156 
0 -0.0169416 0 0 -0.814772 
0 -0.0173945 0 0 -0.829273 
0 -0.0178487 0 0 -0.843657 
0 -0.0183057 0 0 -0.857907 
0 -0.0187589 0 0 -0.872026 
0 -0.0191949 0 0 -0.886008 
0 -0.0196331 0 0 -0.899849 
0 -0.0200554 0 0 -0.913547 
0 -0.0205046 0 0 -0.927075 
0 -0.020938 0 0 -0.940434 
0 -0.0213575 0 0 -0.953634 
0 -0.0217628 0 0 -0.966671 
0 -0.0221546 0 0 -0.979553 
0 -0.0225335 0 0 -0.992289 
0 -0.0229003 0 0 -1.00488 
0 -0.0232553 0 0 -1.01731 
0 -0.0235993 0 0 -1.02958 
0 -0.0239327 0 0 -1.0417 
0 -0.024256 0 0 -1.05366 
0 -0.0245856 0 0 -1.06548 
0 -0.0249081 0 0 -1.07715 
0 -0.0252267 0 0 -1.08868 
0 -0.0255362 0 0 -1.10007 
0 -0.025837 0 0 -1.11134 
0 -0.0261294 0 0 -1.12247 
0 -0.0264138 0 0 -1.13349 
0 -0.0267106 0 0 -1.14437 
0 -0.0269994 0 0 -1.15511 
0 -0.0272807 0 0 -1.16569 
0 -0.0275546 0 0 -1.17612 
0 -0.0278216 0 0 -1.18638 
0 -0.0280817 0 0 -1.19649 
0 -0.0283378 0 0 -1.20644 
0 -0.0285875 0 0 -1.21624 
0 -0.0288331 0 0 -1.22589 
0 -0.0290729 0 0 -1.23541 
0 -0.0293069 0 0 -1.24479 
0 -0.0295354 0 0 -1.25402 
0 -0.0297586 0 0 -1.26312 
0 -0.0299766 0 0 -1.27208 
